1635236500.732619
1635240934.843308
1635241834.52075
1635243854.532432
1635250664.060803,0.44
1635255016.691361,0.41
1635274043.975455,1.45
1635291059.06952,0.75
1635296741.041463,0.39
1635300840.04819,1.54
1635308514.390723,1.53
1635315582.609503,1.64
1635324368.509443,0.82
1635331011.71144,1.13
1635336766.347687,0.44
1635350443.385577,0.41
1635377036.38871,1.09
1635379689.482666,0.42
1635388263.019989,1.68
1635403575.434511,0.41
1635412288.615574,1.27
1635417125.913202,1.69
1635426216.637363,0.97
1635460223.017576,1.55
1635465729.15908,0.38
1635469110.42796,1.53
1635471433.504509,0.44
1635476267.188869,0.41
1635487349.281158,0.4
1635493268.376977,0.39
1635499421.054934,0.42
1635500400.234897,1.53
1635503824.167257,0.64
1635507964.626305,0.38
1635519059.369289,0.38
1635554472.167726,1.02,155
1635556205.658376,0.4,169
1635558650.332661,0.35,48
1635558701.039129,0.42,107
1635565288.98787,0.8,150
1635578524.77041,1.33,155
1635592147.072158,0.44,157
1635594298.782188,0.57,178
1635596216.178544,1.3,169
1635610565.658998,0.37,148
1635642213.027083,0.36,177
1635643178.334904,0.39,199
1635644305.952973,1.54,154
1635650305.928901,0.38,154
1635653140.188294,0.42,193
1635676972.630648,1.53,156
1635678385.132613,0.44,176
1635680617.756073,0.71,153
1635691836.360979,1.1,152
1635722782.594022,1.53,152
1635725823.51121,1.31,154
1635730072.652388,0.39,170
1635745053.586623,0.39,158
1635754620.539719,1.38,87
1635754709.843587,0.41,48
1635754760.695245,0.42,6
1635755867.831194,1.51,154
1635756780.594092,0.42,183
1635759358.132343,1.53,103
1635759463.80717,0.43,42
1635770503.247835,0.43,156
1635773188.979641,0.39,156
1635808583.286476,0.94,150
1635812562.434358,1.53,191
1635813483.022423,1.63,193
1635832624.846162,0.43,169
1635837342.510049,0.42,144
1635845955.210335,1.05,159
1635849949.228611,0.43,150
1635854243.988506,1.3,146
1635863238.207957,1.71,148
1635894501.474314,1.67,167
1635898274.532775,0.42,195
1635899464.152871,0.4,183
1635900846.366478,1.37,152
1635906503.830936,1.4,144
1635920198.115205,1.28,159
1635926590.028766,1.67,148
1635929826.58838,1.35,144
1635931141.462953,0.4,231
1635931720.523404,1.55,259
1635934802.230736,0.43,161
1635943542.763855,0.41,157
1635949771.719914,1.42,168
1635982004.331704,1.36,154
1636000322.932877,0.55,146
1636003082.121212,0.41,163
1636009122.470842,0.43,171
1636015680.041244,0.43,148
1636019112.499254,1.49,184
1636023904.260071,0.43,208
1636024470.718491,1.06,226
1636025310.178437,1.49,199
1636032545.46211,0.42,152
1636041327.23711,1.34,146
1636069631.778043,0.88,152
1636079671.187134,0.4,166
1636091094.130233,0.39,154
1636100116.093399,1.29,148
1636102434.613554,0.43,174
1636103417.5151,0.41,176
1636105331.091693,0.37,174
1636109228.403779,1.26,150
1636113522.479948,1.38,199
1636114339.308098,0.95,182
1636115777.256908,1.67,151
1636122424.097294,0.45,168
1636134848.587091,1.12,146
1636159498.077752,0.39,150
1636161452.992179,1.53,197
1636162802.393462,1.63,144
1636168470.666534,1.52,158
1636181813.087938,1.44,170
1636187595.755466,0.43,146
1636196772.914501,1.38,153
1636199248.565728,0.39,180
1636201449.876964,1.18,172
1636207952.504574,1.53,168
1636215029.970525,0.61,154
1636240749.449719,0.42,160
1636247630.119509,0.43,148
1636249912.532528,1.29,150
1636253282.580231,0.54,182
1636268899.282668,1.53,152
1636278932.039427,1.51,164
1636286295.931887,0.43,150
1636294637.360858,0.44,146
1636323394.202334,0.44,152
1636328122.018113,1.53,180
1636330193.636884,0.42,168
1636345314.737073,1.22,203
1636346125.141705,1.53,185
1636350426.3288,0.4,146
1636354206.002202,0.44,148
1636359891.63012,0.42,146
1636361409.325527,0.42,195
1636363029.970344,0.41,175
1636364042.948518,0.72,152
1636365837.968486,0.41,196
1636366609.095876,1.22,164
1636376899.866397,1.55,184
1636378379.769465,0.39,168
1636413707.914828,0.44,160
1636417096.116466,1.53,172
1636424624.826776,1.53,201
1636428915.692104,0.4,179
1636442924.796821,1.07,148
1636449839.073257,0.43,158
1636450779.24903,1.53,176
1636454638.294357,0.41,164
1636457723.761584,1.53,164
1636464281.389791,0.39,153
1636502606.366416,0.44,154
1636511003.993588,0.43,166
1636511172.94318,0.41,10
1636512094.775653,1.69,148
1636526257.048442,1.68,152
1636530309.553072,0.89,152
1636535734.784189,1.61,158
1636540055.053333,1.36,176
1636542505.773381,1.48,168
1636556056.742878,0.38,150
1636588009.72997,0.74,148
1636593483.335768,1.49,181
1636600782.95721,1.35,169
1636610688.468071,1.71,156
1636614629.840657,1.19,156
1636619521.3636,0.81,20
1636619543.747924,0.38,150
1636619696.57229,0.42,20
1636620329.615714,0.36,26
1636620358.088343,0.34,166
1636621976.094407,1.19,186
1636622922.562472,0.63,137
1636623068.629523,0.34,38
1636623111.294023,0.34,4
1636625867.079925,0.39,148
1636633472.423382,0.46,156
1636639726.103301,1.07,160
1636671270.738253,1.53,175
1636672275.121989,0.4,146
1636678919.685214,0.44,153
1636696189.265755,0.42,152
1636701470.523257,0.4,152
1636707871.155977,0.43,164
1636710538.965549,0.39,211
1636711376.047408,1.53,46
1636711424.808705,0.42,159
1636717143.009287,0.43,164
1636728001.426057,1.63,148
1636758672.279015,0.41,185
1636764932.402385,1.17,196
1636766015.731414,1.68,162
1636773866.563324,1.3,140
1636783102.005434,0.44,144
1636785699.813037,1.4,188
1636795986.119078,1.53,156
1636800707.136174,1.21,142
1636806263.223011,1.71,153
1636810448.219198,1.28,116
1636810566.290911,0.41,36
1636844530.126068,0.42,146
1636850317.070845,1.53,190
1636855965.777587,0.39,174
1636857708.708184,1.31,172
1636859969.530967,1.53,172
1636867075.939462,0.39,194
1636870695.047489,1.65,144
1636873230.271591,1.53,182
1636880744.004682,0.34,164
1636882758.367563,0.43,150
1636883970.715596,1.01,156
1636899546.358978,0.4,146
1636932240.072827,0.42,144
1636933925.505793,0.39,148
1636935681.164841,1.7,170
1636954775.558383,0.39,142
1636962285.198041,0.4,195
1636970176.94911,0.46,154
1636973177.690639,0.95,148
1636986181.690139,1.43,162
1637034950.547439,0.44,165
1637039646.415991,1.53,126
1637039774.910164,0.42,18
1637044242.127008,1.11,168
1637045497.323138,0.68,194
1637046230.681014,0.39,181
1637051274.931802,1.35,145
1637055111.111775,0.42,177
1637055958.387656,0.39,174
1637060776.155445,0.42,142
1637069491.52859,0.43,150
1637102505.992442,0.44,144
1637110422.239755,1.23,156
1637111991.006595,0.42,189
1637112828.402273,1.53,193
1637122191.1694,1.69,150
1637130678.996492,1.63,151
1637137273.336415,0.44,205
1637138047.10188,1.41,156
1637140248.715835,1.53,179
1637141459.422321,1.47,160
1637146254.592183,1.59,167
1637148181.50193,1.53,196
1637148988.553394,0.35,193
1637149895.166663,1.37,199
1637159072.020923,1.15,158
1637164317.758591,0.44,168
1637165662.561667,0.4,164
1637190766.65583,1.7,149
1637201979.526247,1.14,150
1637214957.633177,1.42,172
1637216947.434328,0.41,154
1637219219.04669,1.5,158
1637221079.227855,1.63,163
1637222449.994408,1.42,177
1637223603.677726,0.87,156
1637225553.720545,0.58,169
1637226626.434454,0.91,176
1637230693.907941,0.41,195
1637231471.034591,1.05,211
1637232514.430398,1.48,201
1637239958.006408,0.88,148
1637244942.132029,0.42,156
1637280098.422515,0.38,142
1637291527.614881,0.42,152
1637293622.162146,1.06,154
1637300369.472289,1.29,168
1637310001.119021,1.44,160
1637312029.746253,1.49,156
1637314783.80656,1.53,144
1637316851.610869,1.69,154
1637319952.012807,0.41,152
1637323780.309124,1.0,192
1637324959.187769,0.4,194
1637325929.103963,0.38,207
1637332796.389997,1.03,159
1637363424.020622,1.43,153
1637367087.125114,0.41,148
1637372683.153904,0.41,122
1637372807.186677,0.38,69
1637385174.228442,0.43,182
1637386324.642849,0.81,149
1637404623.051023,0.68,144
1637414737.449728,1.55,154
1637420424.115217,1.53,150
1637461304.665627,0.38,158
1637464931.933872,1.64,166
1637475843.915935,1.62,148
1637488360.935427,1.53,148
1637491304.740713,0.77,176
1637494836.391983,0.47,150
1637500559.227816,1.4,149
1637503791.952174,0.4,191
1637505630.372239,0.44,148
1637538902.401613,0.46,154
1637551242.513818,0.41,144
1637557397.195958,0.41,150
1637562648.662787,1.55,150
1637569864.43776,1.25,182
1637571086.866698,0.4,148
1637573802.616077,0.41,197
1637575646.438968,0.44,152
1637585648.036963,0.51,148
1637591523.699711,0.62,179
1637624531.506031,1.12,150
1637627333.508552,1.16,172
1637630464.826855,1.68,193
1637638707.523209,0.39,144
1637642834.674214,1.31,164
1637655154.742981,0.38,148
1637659714.800935,0.62,174
1637660610.648034,0.44,144
1637666965.742788,1.69,148
1637671525.030726,1.23,156
1637706045.882746,1.53,154
1637709894.109756,0.59,182
1637713800.360468,0.43,184
1637715283.541325,0.44,185
1637726436.757631,0.38,142
1637733478.828347,0.94,156
1637739795.995951,0.41,152
1637744961.655269,0.42,191
1637745722.449874,1.44,195
1637752501.665068,1.09,152
1637755737.266769,0.66,168
1637763223.753442,0.87,150
1637796275.640748,0.44,152
1637800852.745631,1.22,166
1637804928.09301,0.43,164
1637806011.677359,1.26,199
1637823279.8553,0.41,146
1637829878.554086,0.43,146
1637833200.231263,0.43,152
1637842490.574068,0.39,155
1637846760.644874,0.43,162
1637850978.174145,1.41,154
1637882538.364169,0.63,162
1637888074.475207,1.22,146
1637896842.107315,1.39,146
1637908222.153863,0.4,67
1637908291.263961,0.39,81
1637913217.620381,0.41,146
1637919554.218099,0.44,209
1637920413.500145,0.89,191
1637922262.559821,0.43,203
1637924965.810775,0.44,170
1637929297.572658,0.43,146
1637933200.751714,1.11,136
1637967222.025466,0.42,144
1637976022.956756,0.42,150
1637979568.122963,1.35,152
1637991350.124153,0.4,151
1637997544.246018,0.41,165
1638003572.177401,1.29,152
1638015371.872545,0.39,154
1638020841.225313,0.5,145
1638028479.001999,0.43,143
1638055757.210055,0.41,144
1638057960.782447,1.39,178
1638087812.288049,1.35,150
1638095001.758514,0.51,145
1638100127.52698,0.58,172
1638109196.432656,0.42,150
1638140419.096997,0.42,185
1638142153.000452,1.37,201
1638144154.442048,1.53,176
1638144821.951148,1.45,170
1638153164.403052,0.59,176
1638173015.007721,1.68,150
1638177565.399042,0.42,174
1638178232.278716,0.43,179
1638189463.241243,0.38,146
1638197152.446642,1.15,158
1638225969.796014,1.02,148
1638230456.60724,1.53,145
1638235719.185899,0.4,142
1638238473.94286,0.37,150
1638258451.882262,0.41,142
1638261223.781059,0.39,172
1638267975.06854,0.51,156
1638270013.94075,1.07,168
1638275190.639827,0.68,107
1638275300.241601,0.44,60
1638286133.653811,1.08,169
1638316045.505253,0.42,150
1638320693.35819,1.31,140
1638321519.952667,0.4,153
1638322439.857182,0.41,89
1638322531.229955,0.43,65
1638337409.676706,0.43,52
1638337464.295604,0.41,106
1638339228.037932,0.42,167
1638346750.026249,0.41,152
1638351468.320603,1.71,179
1638352441.11737,0.41,165
1638354596.333483,1.02,182
1638368041.338964,1.44,168
1638375843.853077,0.89,205
1638402896.180522,1.48,153
1638406987.22504,1.63,164
1638408521.497387,0.42,174
1638422336.731961,1.53,168
1638432736.04259,0.54,14
1638432752.282038,0.4,136
1638436823.884669,0.56,134
1638436960.066769,0.37,42
1638437800.563189,0.56,177
1638446262.743775,1.53,167
1638448968.073127,1.49,154
1638450396.483409,0.81,158
1638487349.577895,0.43,152
1638494283.494235,1.48,142
1638507175.859293,1.29,146
1638511346.72942,0.39,156
1638518676.541329,0.41,183
1638522035.531525,1.07,142
1638524507.097775,0.37,179
1638529464.364812,0.42,158
1638538686.960357,1.41,153
1638545991.788886,0.42,193
1638577526.849981,1.53,152
1638580745.158918,1.53,198
1638581654.197207,1.02,197
1638594523.452935,0.4,159
1638597205.857817,1.14,152
1638607287.313098,0.42,162
1638616634.288521,1.53,152
1638622631.418312,0.41,166
1638634228.70845,1.33,150
1638663248.097593,1.53,183
1638666131.925802,0.75,185
1638676206.606544,1.53,172
1638683188.265915,1.71,170
1638693024.843008,0.44,174
1638696262.991779,0.39,158
1638705769.907591,0.54,163
1638709647.967537,1.59,162
1638715728.032941,0.38,162
1638748287.983314,0.89,165
1638753442.701966,1.53,221
1638754207.417475,0.43,152
1638769063.078697,1.24,158
1638781691.616302,0.4,171
1638782712.083861,0.42,180
1638783672.282952,0.7,163
1638790563.451143,0.4,168
1638795761.495453,0.43,152
1638820436.903915,0.42,85
1638820524.702766,0.42,56
1638835320.604184,1.05,155
1638838260.621992,0.43,170
1638844605.799241,1.63,197
1638858682.932433,1.6,150
1638865794.086671,0.43,147
1638873091.987346,1.7,147
1638885277.208719,0.39,166
1638891573.199202,1.39,150
1638920712.745312,0.39,151
1638922830.504591,0.65,175
1638924110.691428,0.41,189
1638942689.614712,0.4,156
1638950316.310892,0.41,156
1638955555.038868,0.4,169
1638956473.786182,1.44,172
1638964836.389244,0.43,140
1638968640.54907,0.42,142
1638973881.294463,0.44,149
1639005329.675204,1.07,156
1639009319.072393,1.22,144
1639015446.403503,1.22,186
1639024786.087415,1.47,142
1639033083.08929,1.35,142
1639040465.845372,1.61,144
1639048548.182473,1.41,141
1639059788.348847,0.42,142
1639065906.494299,0.41,144
1639094468.471486,1.69,148
1639097073.702201,0.99,189
1639108404.109026,1.53,146
1639114573.354941,1.61,148
1639121179.646364,1.53,148
1639126868.558286,0.68,169
1639128148.450345,0.46,173
1639129066.855474,0.43,164
1639132338.57152,1.53,158
1639137320.785464,0.42,138
1639146461.313241,1.56,156
1639155875.369178,1.53,146
1639178267.929527,0.41,146
1639183866.662396,1.53,165
1639185226.002155,0.43,179
1639191047.850646,0.93,140
1639196525.767891,0.38,144
1639213834.418045,1.56,146
1639219321.133259,0.39,153
1639225051.685363,0.4,151
1639233887.985611,0.4,144
1639267526.964044,0.41,150
1639271283.647797,1.01,170
1639274800.892096,1.61,174
1639276413.405593,1.37,170
1639284218.784534,0.47,10
1639284230.93301,0.38,54
1639284287.720241,0.37,59
1639284348.752167,0.38,12
1639284362.917529,0.36,18
1639284383.17327,0.38,10
1639284395.338992,0.4,18
1639285609.184863,1.29,164
1639289018.089479,1.66,162
1639293725.649105,1.29,134
1639293861.882745,0.4,10
1639303294.50317,0.39,160
1639308453.559931,0.43,144
1639315178.554657,0.74,142
1639325505.549436,0.43,138
1639354385.077203,0.6,186
1639359518.053703,1.09,184
1639363970.688919,1.71,142
1639374794.786203,0.42,156
1639385894.907979,1.53,142
1639387234.275266,0.73,175
1639388112.351488,0.98,176
1639391741.559207,0.38,138
1639404209.426218,1.42,160
1639407436.344273,0.41,162
1639440755.472044,0.4,148
1639442559.312657,0.42,166
1639455488.701217,0.4,167
1639461347.178519,1.53,189
1639463225.95509,0.43,145
1639470142.425841,0.43,142
1639473889.130919,0.63,164
1639475147.840931,0.35,146
1639482457.705432,0.42,144
1639485313.660313,0.42,162
1639490626.068966,0.42,148
1639525747.266941,0.43,162
1639531137.791387,0.44,190
1639532271.974787,0.35,178
1639534890.229248,1.69,154
1639543980.298725,0.43,140
1639552513.802817,0.43,142
1639561131.843537,0.82,152
1639570661.185935,1.36,146
1639578268.075788,0.63,140
1639609070.67516,0.37,142
1639611233.340788,1.17,177
1639614769.075923,0.99,189
1639618129.418804,1.53,189
1639619082.316093,0.43,189
1639628315.531638,0.58,191
1639633923.998201,1.26,154
1639642490.258619,0.43,144
1639649004.42679,0.39,137
1639657091.634804,1.44,146
1639665916.68354,0.78,168
1639694190.427657,1.53,154
1639699906.910945,0.4,140
1639706032.881963,0.44,162
1639711492.086287,0.49,191
1639722632.072639,0.43,151
1639728461.311126,0.41,156
1639730253.273246,1.48,189
1639731777.281569,0.43,156
1639735359.067233,0.44,140
1639736939.633603,0.95,179
1639746504.23291,1.21,160
1639758787.669389,1.49,142
1639780986.269827,1.04,146
1639785321.330498,0.55,148
1639791057.407669,0.41,163
1639791691.396271,1.35,204
1639798960.187453,1.0,140
1639805784.060036,0.96,150
1639810652.845336,0.41,143
1639811520.694463,0.74,194
1639815825.669878,0.38,82290
1639815829.717605,0.44,151
1639820564.511432,0.67,191
1639823261.18868,0.44,142
1639828483.066165,1.41,141
1639834175.710308,0.41,148
1639836771.230562,0.93,168
1639847011.750267,1.53,143
1639864839.827638,1.67,143
1639871148.838969,0.4,161
1639875009.269074,0.43,143
1639878755.145341,0.38,187
1639882181.828556,0.42,152
1639890387.17486,1.02,142
1639897955.715341,0.42,165
1639907320.921295,0.4,171
1639913035.625599,0.44,149
1639916595.423207,0.42,173
1639918273.202378,1.65,165
1639923625.694682,0.38,146
1639953870.588978,1.47,147
1639955267.227653,1.29,145
1639959562.306815,1.1,150
1639962048.757613,0.4,144
1639966405.996501,1.11,188
1639967210.358904,1.24,141
1639975942.442975,1.53,164
1639984311.091846,0.44,144
1639990593.030254,0.4,164
1639991406.198287,1.6,162
1640000473.95142,1.53,156
1640010204.364776,0.39,140
1640017729.480971,0.89,138
1640045383.182583,1.53,158
1640048150.012486,1.4,186
1640052242.903366,1.48,187
1640064894.917241,1.53,148
1640074038.705891,1.62,134
1640076650.611203,1.48,172
1640080670.945602,0.43,152
1640094518.372679,0.39,147
1640103186.058482,1.51,150
1640128365.701168,0.4,141
1640131332.632578,1.6,177
1640133308.101995,0.91,165
1640135914.042644,1.72,197
1640144591.358092,0.43,142
1640151886.713427,0.4,160
1640160415.658862,0.43,148
1640168315.446507,0.39,147
1640176200.952269,1.41,158
1640178167.168341,0.62,152
1640183870.595528,1.11,140
1640214203.162031,1.3,148
1640220683.149192,0.39,148
1640223563.982114,0.37,152
1640227401.893856,0.39,160
1640228954.520856,0.4,168
1640231925.385691,0.44,182
1640242138.591065,0.42,148
1640251784.985836,1.62,155
1640254795.864982,0.41,166
1640256348.618167,1.57,156
1640260142.519069,0.39,140
1640273192.922978,1.42,140
1640304361.386397,0.43,136
1640307621.539605,0.44,181
1640311031.933681,0.39,137
1640317701.619006,0.4,179
1640319415.930541,1.71,165
1640331978.943617,0.43,150
1640337178.230026,0.42,138
1640341589.765693,0.4,151
1640349624.877298,0.45,149
1640388259.550915,0.42,147
1640393808.909638,1.53,142
1640397078.940553,1.53,177
1640402632.397049,0.67,148
1640407683.086892,1.4,142
1640418062.575673,0.44,138
1640422239.328919,0.4,138
1640425184.057336,1.55,145
1640427806.387718,1.03,156
1640430645.796517,0.39,136
1640440189.64427,1.32,149
1640475491.803725,1.72,155
1640481282.495275,1.63,148
1640483581.795291,0.4,204
1640485054.987796,0.4,170
1640488411.948485,1.04,138
1640506748.859036,0.43,164
1640507662.201972,1.3,168
1640520632.803944,1.53,142
1640523986.787403,0.4,140
1640564374.068113,0.42,182
1640565700.405648,1.27,174
1640569720.827712,0.44,119
1640569842.615628,0.39,36
1640581226.800259,0.37,138
1640589235.431593,0.43,144
1640591583.89365,1.49,150
1640602373.233184,0.44,138
1640609084.608839,0.44,142
1640619245.70504,1.43,144
1640648510.977588,0.4,146
1640650921.145129,1.62,139
1640660702.045931,1.52,136
1640665971.601909,0.43,141
1640673577.06258,1.52,156
1640675398.865595,1.23,203
1640683162.718187,0.41,144
1640687671.500781,0.4,144
1640688903.107183,0.61,171
1640691950.290816,0.45,170
1640693167.008038,0.92,148
1640701271.377356,1.62,153
1640735216.620079,1.59,144
1640741586.608427,0.51,160
1640747846.63318,0.4,176
1640748917.91533,1.28,207
1640758567.113968,0.42,142
1640762458.479064,1.09,163
1640772023.142956,0.4,146
1640777764.387459,1.07,150
1640780683.470379,0.41,144
1640786229.764336,1.16,150
1640791391.98584,0.39,163
1640821398.023452,0.4,138
1640824993.333172,0.39,140
1640832421.029399,1.53,170
1640838260.919008,1.21,146
1640842544.021913,0.43,138
1640852505.92133,0.43,170
1640853435.49924,0.38,158
1640854503.048829,1.53,150
1640859041.398334,0.44,153
1640861876.422363,0.44,146
1640866086.752502,0.68,158
1640880723.544124,0.43,144
1640910279.927527,1.2,146
1640913897.341947,1.1,181
1640914685.113984,1.27,177
1640920195.643983,0.44,152
1640929003.349197,0.42,150
1640930612.275409,0.39,179
1640931339.927282,0.38,185
1640937016.26321,1.42,139
1640944012.866143,0.38,150
1640946266.135192,0.4,174
1640947340.103587,0.4,148
1640949204.584902,1.1,172
1640950585.431964,0.45,142
1640954525.201401,0.38,152
1640961359.529695,1.53,156
1640972241.418165,1.39,154
1640995657.58935,1.65,183
1641002086.655756,0.43,173
1641007265.990508,1.05,145
1641012261.465209,0.97,157
1641023234.350453,0.81,145
1641029280.026301,1.52,169
1641030162.705406,0.79,181
1641032144.542013,1.3,143
1641034923.888524,0.43,152
1641044748.37403,1.48,152
1641052086.715704,0.42,156
1641080102.000969,1.28,140
1641083299.468433,0.88,183
1641088287.396869,1.53,142
1641095470.395151,1.24,158
1641103499.28204,0.42,142
1641133450.641673,0.86,154
1641166827.030768,1.49,156
1641170096.802326,1.28,143
1641175280.884134,1.53,148
1641176319.111372,1.15,158
1641181672.720468,0.42,164
1641190229.052033,0.98,150
1641195527.998794,1.52,142
1641199632.363629,0.38,170
1641200639.023038,0.65,142
1641205467.236393,1.25,140
1641216112.207652,1.53,159
1641218817.836846,0.4,146
1641251566.290047,1.39,164
1641257498.020624,1.45,162
1641263222.035669,0.39,156
1641267635.551672,1.53,145
1641275214.31886,0.38,135
1641282328.766812,1.44,150
1641284717.663558,1.36,170
1641285695.809278,1.53,170
1641290521.710834,1.43,146
1641293520.862315,0.51,150
1641305620.584704,1.15,154
1641316247.742711,1.49,148
1641343369.699817,0.39,174
1641346469.612877,0.38,180
1641349284.896889,0.39,148
1641354129.97675,1.42,146
1641360997.605248,0.89,154
1641369790.095173,0.96,146
1641373381.067438,1.44,172
1641374424.954905,0.39,160
1641378010.537925,0.43,142
1641382829.859088,0.45,144
1641395187.592996,1.6,164
1641400012.885005,0.43,142
1641404743.02126,0.43,142
1641409621.07535,0.43,140
1641414544.756004,0.36,140
1641419575.252668,1.4,141
1641424612.542367,0.43,140
1641428082.983898,0.66,151
1641431772.421778,0.41,178
1641432519.159359,1.61,188
1641443673.502039,1.31,143
1641455400.333104,1.57,142
1641462657.596169,0.44,166
1641465310.61845,0.38,138
1641470429.323862,0.41,154
1641473901.799783,0.41,148
1641481304.730843,1.09,149
1641512354.94279,0.42,138
1641525754.753079,1.07,153
1641534233.167299,1.72,162
1641535711.063023,0.39,152
1641544963.439213,0.79,140
1641547875.129095,0.44,158
1641551895.950831,1.53,147
1641556582.69937,0.4,154
1641568338.902209,0.43,152
1641598317.218454,1.53,148
1641604918.318723,0.41,180
1641607786.490278,0.92,190
1641608552.458189,0.78,182
1641615193.866156,1.53,156
1641631836.321349,1.65,141
1641634212.642035,0.43,139
1641636684.012671,1.63,168
1641640437.830597,0.63,174
1641650420.50428,0.44,155
1641681986.235358,0.44,140
1641686169.706183,1.72,142
1641690945.746083,1.24,165
1641694480.823934,1.48,150
1641695523.283995,0.91,148
1641696159.687201,0.43,174
1641709672.532291,1.1,144
1641715395.983942,0.9,144
1641723485.826501,1.02,146
1641727905.917531,1.21,164
1641728799.383262,1.23,140
1641737264.797602,0.44,156
1641742414.31306,1.13,150
1641749573.107198,0.43,144
1641763976.310724,1.24,138
1641768806.149094,0.7,160
1641770765.341651,0.41,154
1641774150.038683,1.69,154
1641776639.271204,0.44,152
1641778821.301297,0.91,185
1641793460.035372,1.21,144
1641803674.345479,0.39,141
1641807720.589738,1.17,177
1641808808.425961,0.45,146
1641812273.338112,0.75,155
1641824052.368418,1.22,152
1641854660.275658,1.28,143
1641865623.651394,1.63,172
1641871263.100386,0.4,151
1641878246.567149,0.4,145
1641886274.052179,0.5,143
1641892118.874839,1.53,154
1641899022.518842,0.4,146
1641908663.514196,0.38,147
1641941280.396919,1.64,148
1641947558.514153,0.38,141
1641950432.362172,0.43,146
1641952810.787213,0.4,186
1641965585.346223,0.39,143
1641972802.792999,0.4,139
1641978247.835357,0.93,166
1641979228.606157,0.4,164
1641990698.834898,0.44,137
1641997853.096469,1.71,160
1642028548.516792,0.43,140
1642036799.696196,1.53,170
1642043431.282499,0.44,197
1642052917.691956,1.72,139
1642056773.17853,0.42,158
1642065822.120731,0.39,160
1642066845.344802,1.53,164
1642067801.813529,1.39,140
1642076121.371555,0.77,143
1642091336.987201,1.53,144
1642120034.850478,1.53,182
1642123968.063042,0.44,174
1642131130.47672,1.49,146
1642144478.039083,0.97,152
1642152242.839399,1.01,144
1642159006.500386,0.45,138
1642171871.938762,0.37,136
1642201478.051942,0.56,159
1642206732.775161,0.43,152
1642209424.941018,0.44,187
1642215441.779786,1.13,148
1642236050.317201,0.42,144
1642238221.354468,1.08,136
1642243504.223582,0.81,138
1642248021.566027,1.72,152
1642260753.930807,0.43,140
1642288011.686756,0.96,142
1642294185.766172,1.65,155
1642299123.453714,0.44,146
1642300019.838436,1.53,143
1642304153.810819,0.64,146
1642320209.690039,1.18,127
1642326868.685165,0.42,160
1642329970.929798,0.68,151
1642332083.465833,0.43,139
1642333481.612296,0.85,152
1642336765.283239,0.68,145
1642344595.698678,1.53,153
1642372253.491819,1.11,151
1642378983.3968,0.43,156
1642383314.317824,1.71,154
1642383950.549729,1.47,185
1642388025.568331,0.43,142
1642404799.332205,0.4,152
1642410278.984523,1.72,160
1642411137.443364,0.39,164
1642414929.830567,0.44,162
1642417936.533044,0.44,150
1642426438.490815,0.39,153
1642430978.162743,1.62,145
1642464688.468025,0.39,162
1642466929.481004,0.87,152
1642470203.218417,1.25,142
1642471161.164365,1.31,181
1642487442.14579,1.0,136
1642493995.022879,0.44,138
1642498870.094807,0.42,163
1642502135.426768,1.32,149
1642510446.02401,1.25,170
1642512194.317682,0.4,137
1642516149.674029,0.39,125
1642534045.958404,1.47,138
1642548469.815474,0.41,144
1642555922.259119,1.53,138
1642558846.856788,0.54,134
1642559704.785954,0.4,158
1642562173.415154,1.59,142
1642571639.776489,0.43,136
1642579671.075922,0.43,140
1642584611.296563,0.44,163
1642585783.116227,1.33,158
1642591672.306592,1.45,146
1642597389.461444,0.45,134
1642604009.062924,0.44,159
1642637073.939024,0.4,172
1642639502.525586,0.44,138
1642652581.486306,1.2,137
1642655053.252869,1.37,184
1642656575.432071,1.67,185
1642660199.742726,1.08,138
1642669438.942031,0.43,162
1642678513.920315,0.41,137
1642687950.57419,1.07,142
1642717284.534681,0.44,137
1642719998.056279,1.56,160
1642720681.514823,1.26,202
1642723160.178074,0.42,145
1642725373.794088,1.6,137
1642748205.629067,1.53,142
1642753970.815873,1.48,141
1642757526.845779,0.43,150
1642761451.929103,0.44,151
1642763195.931241,0.4,164
1642764048.645295,0.45,139
1642765510.391439,1.53,178
1642773602.084162,1.48,142
1642815642.420639,0.43,6568
1642839830.258639,0.4,154
1642846252.222027,1.66,168
1642847524.041921,1.61,139
1642852292.041655,1.3,144
1642860303.628906,0.56,150
1642865049.815274,0.44,136
1642897105.839445,0.39,142
1642903838.958933,1.38,134
1642905703.196175,0.39,148
1642907835.253572,0.75,158
1642917572.74693,0.4,138
1642928590.759963,0.42,140
1642931050.967881,0.79,179
1642932363.779939,0.61,164
1642936142.931689,0.41,144
1642939083.858202,0.38,162
1642945782.383374,0.44,152
1642988814.028968,0.4,156
1643001625.447139,1.63,142
1643026692.351159,0.41,148
1643038770.708159,1.53,148
1643066359.822733,0.43,154
1643067984.228457,0.43,175
1643072065.974121,0.43,154
1643072935.342303,0.42,195
1643078316.372455,1.08,162
1643090620.690364,1.55,142
1643099009.124189,0.4,140
1643102958.007256,0.4,162
1643104236.542276,1.33,148
1643106062.42103,0.4,173
1643107788.412558,0.38,168
1643109242.390524,1.33,155
1643115926.083875,0.43,153
1643123213.604907,0.41,150
1643154967.122383,1.71,136
1643163462.358706,0.4,146
1643178786.665205,1.51,148
1643184119.383157,0.41,141
1643187583.208857,0.59,162
1643188942.425001,0.4,164
1643192090.423588,0.62,164
1643193425.550377,0.39,180
1643194829.375354,0.44,179
1643197392.040025,0.44,148
1643199205.586915,0.4,167
1643204378.504915,0.41,135
1643208033.385392,0.91,164
1643248606.967323,1.53,140
1643275035.083294,0.39,173
1643275965.201558,0.43,165
1643276857.581523,1.01,168
1643279107.007271,0.4,189
1643279866.722588,0.42,166
1643281252.611606,1.61,183
1643282316.401052,1.53,160
1643284731.55723,1.53,174
1643290206.268347,1.51,148
1643324198.467535,0.43,138
1643332115.958164,0.4,147
1643348363.234481,0.42,164
1643354704.675319,1.53,145
1643361606.953072,1.29,145
1643363851.326659,1.53,146
1643365903.835349,0.4,136
1643370631.192714,1.36,182
1643371430.201039,1.38,183
1643372775.257485,0.43,181
1643373607.038652,0.44,144
1643378660.656003,0.42,150
1643414061.540567,0.41,140
1643419269.862182,0.53,138
1643425539.128374,0.39,180
1643433761.862256,1.53,157
1643441603.778224,0.54,138
1643449257.608176,1.5,175
1643451325.053715,0.38,136
1643454674.914558,1.11,138
1643466711.712895,0.41,162
1643499977.720346,1.2,138
1643503400.293827,0.42,175
1643506307.625416,1.53,181
1643507634.386041,1.53,198
1643510258.979028,0.43,147
1643515103.337811,0.38,140
1643521875.49097,1.51,175
1643525160.740268,0.38,146
1643531942.83927,1.53,154
1643535722.938257,1.57,160
1643537512.103399,0.4,167
1643539320.832659,1.18,140
1643552240.743304,0.4,135
1643585451.184511,0.9,164
1643597120.983936,1.2,140
1643604488.626498,0.87,159
1643612859.109244,1.27,150
1643616849.28008,0.4,152
1643618654.804325,1.1,171
1643619608.801666,0.68,165
1643621270.114308,0.4,154
1643638540.493952,0.4,145
1643670451.494919,0.52,160
1643674624.151231,0.94,146
1643681827.589677,0.83,172
1643682592.201449,1.14,174
1643685020.176034,1.53,144
1643692556.924496,1.29,146
1643697062.231376,0.4,141
1643703770.894467,1.71,148
1643708345.916796,1.07,144
1643711427.332368,0.42,162
1643714482.889811,0.43,144
1643722877.132641,1.71,150
1643729990.975619,1.12,144
1643760977.228215,0.44,148
1643762393.73805,0.41,152
1643765272.036723,1.53,183
1643776437.425292,0.43,148
1643785249.295101,0.43,140
1643791964.109107,1.46,144
1643792793.429825,0.38,192
1643793734.052353,1.25,156
1643799274.924853,0.43,144
1643803158.58615,0.4,143
1643807042.722831,0.52,158
1643835270.727551,1.43,142
1643848492.785261,1.33,169
1643854251.724382,0.44,142
1643855258.59737,1.17,183
1643864645.394725,1.71,152
1643872578.848487,0.42,140
1643878788.406128,1.58,169
1643879782.291169,1.66,168
1643884152.145091,0.41,150
1643888487.355637,0.71,150
1643893007.914775,0.43,148
1643929067.613764,1.69,135
1643935331.767203,1.69,158
1643938626.691429,0.39,172
1643941195.439067,0.4,156
1643958212.321984,1.72,148
1643964525.264401,0.42,153
1643965694.946439,0.68,144
1643969590.521904,1.04,150
1643972481.831356,1.12,171
1643978614.366773,1.56,164
1643986777.559818,0.39,154
1644020132.922393,1.71,174
1644026398.411301,0.5,181
1644027513.485034,0.68,147
1644037658.649031,0.39,148
1644055894.008873,0.43,148
1644059348.452955,1.2,161
1644067038.128772,0.44,148
1644078784.144631,0.85,148
1644110206.913414,1.13,142
1644111661.690876,0.43,156
1644111819.770384,0.43,14
1644115775.764679,0.43,142
1644118484.961258,1.48,162
1644131218.214125,1.72,176
1644133230.140568,1.37,162
1644137179.670686,0.58,166
1644138023.953015,1.53,152
1644141037.662908,1.25,148
1644151123.892615,0.45,140
1644156988.744749,1.53,160
1644159427.949212,1.6,146
1644187063.543679,1.23,144
1644192616.687969,0.41,174
1644200481.203596,1.53,148
1644201482.661723,0.38,148
1644211814.962432,0.44,142
1644217896.487206,1.64,150
1644224173.804201,0.4,168
1644225132.142614,0.41,158
1644229686.471115,0.42,181
1644233972.72067,1.22,142
1644243767.113828,1.63,167
1644277043.998547,1.19,152
1644279538.780112,0.58,142
1644287400.302078,0.4,150
1644296103.879098,0.75,140
1644300470.762506,0.43,143
1644306642.919213,1.69,144
1644311719.503245,1.52,156
1644313603.364899,0.43,140
1644317473.465598,1.16,140
1644324381.672246,0.46,137
1644331996.577342,0.53,136
1644363661.290799,0.67,158
1644366364.382664,1.69,176
1644370202.424585,0.39,159
1644377099.992867,0.38,158
1644384562.586094,1.24,150
1644392670.020252,0.44,144
1644397281.875538,1.07,165
1644398213.282103,0.44,171
1644401355.839575,1.19,146
1644409120.250882,0.46,154
1644420618.959977,1.07,152
1644449645.126617,1.25,157
1644452954.483643,1.39,140
1644459618.492048,0.38,189
1644468140.935253,0.59,139
1644477654.277545,1.0,140
1644481677.797012,1.08,168
1644482477.675757,0.98,172
1644486769.459232,0.44,160
1644490078.97323,1.12,186
1644491691.967871,0.57,162
1644494494.567782,1.12,140
1644505510.039252,0.5,144
1644541235.295001,1.04,140
1644552055.239531,0.47,149
1644559934.824736,0.46,140
1644566625.672686,1.13,140
1644567998.12686,1.05,188
1644571387.142111,1.04,193
1644572069.217978,0.48,170
1644579293.380848,0.96,143
1644608238.763957,0.47,139
1644626324.896648,1.2,158
1644629341.841382,1.15,188
1644637679.124533,0.97,152
1644639090.378507,0.48,156
1644646028.310966,1.01,156
1644652293.969822,0.48,148
1644660453.527727,1.08,177
1644661210.269091,0.47,198
1644665254.95217,1.01,163
1644674404.504693,0.7,158
1644701987.547315,0.45,144
1644711250.825808,1.2,146
1644713717.775959,0.98,174
1644714941.113753,0.44,147
1644724070.89911,0.45,146
1644728512.248206,1.06,148
1644733567.020353,1.11,144
1644739935.094761,0.45,142
1644743729.498259,0.58,166
1644745747.907953,0.43,166
1644756801.777198,1.14,146
1644776393.173046,1.03,138
1644797927.838902,1.14,136
1644800278.160829,1.16,157
1644801419.956742,1.12,170
1644814236.150416,1.18,142
1644826026.631957,0.4,140
1644832446.063755,0.53,158
1644835692.852945,0.42,186
1644836454.926982,1.15,180
1644849256.930078,0.9,156
1644882126.251928,1.16,142
1644885265.858455,1.14,203
1644885999.608043,0.44,159
1644889245.898553,0.45,141
1644893125.476884,0.89,188
1644904107.932483,0.41,153
1644913486.022723,0.41,151
1644918933.812498,0.98,142
1644925306.425369,1.05,152
1644935095.726632,1.16,139
1644968239.980064,0.4,190
1644973105.51743,1.06,142
1644984341.082207,0.42,154
1644988587.160253,0.46,176
1644990063.400101,1.01,186
1644990890.01137,1.11,180
1644996886.798217,0.41,139
1645000690.665573,0.61,170
1645001755.112658,0.98,174
1645004711.574092,0.75,179
1645006237.365266,1.07,170
1645012896.790577,0.42,148
1645025012.868519,1.06,152
1645054572.206542,0.94,179
1645055634.428876,0.53,160
1645061446.502242,0.45,144
1645074065.115255,0.44,162
1645084401.017807,1.05,153
1645088671.011658,1.12,188
1645089731.653214,1.1,170
1645092554.387359,0.47,199
1645093354.491487,0.48,168
1645095558.446379,0.48,184
1645096343.524731,0.76,172
1645098111.65352,0.95,157
1645110152.557774,1.1,168
1645140755.588985,0.44,156
1645142628.100913,1.08,146
1645154474.468072,0.45,156
1645166433.738962,0.99,144
1645174650.455183,0.44,158
1645175740.501799,1.06,160
1645185279.122359,0.57,154
1645197983.361892,0.46,133
1645231662.222871,0.46,177
1645235299.783279,0.5,160
1645238167.363878,0.43,141
1645250173.242254,1.14,140
1645260878.262381,1.17,140
1645268407.100668,1.14,158
1645270284.569395,0.44,168
1645274742.590497,0.81,122
1645278923.038683,0.45,154
1645315624.226165,0.46,179
1645320729.861009,0.79,131
1645323718.411007,0.45,180
1645324627.001484,0.5,172
1645328893.603637,0.93,162
1645340286.87405,0.46,148
1645342352.603442,0.44,150
1645343591.708138,0.98,146
1645349068.499331,0.42,144
1645355639.567121,0.48,156
1645363527.506814,1.01,140
1645401120.820007,0.47,142
1645404388.640332,0.45,156
1645410783.53103,1.22,154
1645421347.871143,0.61,144
1645429972.463653,0.47,139
1645435054.907975,0.53,162
1645436126.644371,0.4,162
1645439285.456304,1.14,153
1645444105.037071,1.05,160
1645448749.636753,1.07,156
1645487209.437377,0.76,153
1645496044.015597,0.74,186
1645508160.860778,0.4,144
1645515447.842939,0.46,143
1645519280.122898,0.54,186
1645519934.184297,0.71,209
1645520708.786613,0.45,178
1645522287.352565,0.4,189
1645525628.953145,0.48,156
1645531753.608123,0.96,154
1645538598.372351,0.98,138
1645571247.81492,0.44,162
1645573183.109719,1.16,168
1645576143.504178,0.42,150
1645594522.901016,0.49,150
1645598535.216919,0.86,147
1645602631.034516,1.02,150
1645606417.192852,0.5,151
1645609550.546577,0.47,188
1645610348.680881,1.01,170
1645611488.832077,0.47,200
1645612782.981285,0.72,203
1645613568.053676,0.57,156
1645620259.265401,0.95,164
1645703052.480014,1.09,158
1645710060.426292,0.48,164
1645744474.770701,1.06,191
1645745625.539706,0.44,201
1645748636.475206,0.67,161
1645761893.09423,1.15,150
1645775184.78132,0.51,140
1645782242.459382,1.25,146
1645783934.49479,0.81,172
1645788074.225644,1.1,164
1645789474.952599,0.54,150
1645792357.790561,0.46,148
1645796480.505228,0.42,144
1645800070.126656,0.49,148
1645803060.912086,0.48,149
1645808576.720353,0.47,167
1645814044.167401,0.5,144
1645819810.680093,1.08,145
1645825832.514319,0.98,147
1645831224.325382,0.57,153
1645834525.09485,0.47,163
1645836056.787723,0.89,151
1645838314.647742,0.45,149
1645842101.980033,0.76,193
1645842929.073836,0.57,178
1645844954.446111,0.45,146
1645850643.934043,0.82,138
1645865443.369357,0.8,156
1645872093.622561,0.56,154
1645878745.668756,0.47,146
1645882327.580246,1.04,152
1645917031.696912,1.0,165
1645923216.909756,1.14,161
1645928531.454708,1.14,183
1645929582.153055,0.79,158
1645933446.671979,0.42,175
1645945142.933902,0.87,146
1645955678.812968,0.47,140
1645962069.991001,0.94,158
1645962919.801278,0.97,178
1645964017.356799,1.12,148
1645966460.977523,0.5,160
1645969702.945379,1.09,146
1645972521.800462,0.91,142
1645976849.622355,1.12,155
1645981393.858013,0.99,146
1645985623.314482,0.58,151
1645990302.666233,1.06,145
1645995007.074678,1.05,145
1645999732.28491,0.63,145
1646003774.280443,1.07,152
1646005994.91323,1.02,144
1646008848.153856,0.52,148
1646010798.748892,0.83,195
1646011732.637482,0.45,142
1646019643.128818,0.44,154
1646029582.644541,0.44,140
1646041330.475843,1.11,146
1646044585.907867,0.43,174
1646048671.349336,1.06,140
1646050651.565992,0.9,153
1646057492.664221,0.8,145
1646063903.974082,0.47,163
1646093735.173239,0.42,158
1646099271.768082,1.02,153
1646105968.857237,1.05,173
1646106814.3722,0.43,151
1646118145.061136,0.41,156
1646121299.766097,1.03,139
1646125105.501251,0.44,176
1646127526.139721,0.89,144
1646136983.108154,0.89,144
1646142213.83129,1.03,160
1646178751.646398,0.83,141
1646183808.911822,0.86,154
1646188786.005868,0.45,158
1646195521.41858,0.45,140
1646203614.923179,1.08,157
1646210292.066287,0.96,146
1646212703.733398,1.0,168
1646214487.279894,0.43,150
1646218182.92819,0.98,150
1646222202.554792,0.44,140
1646235181.360174,1.08,189
1646264750.385502,0.48,144
1646270583.696423,0.48,144
1646271819.891959,0.5,148
1646273288.557819,0.85,148
1646276966.992886,0.49,146
1646285120.06005,0.46,144
1646287536.331526,1.11,157
1646293663.088816,1.12,153
1646300046.386329,1.05,142
1646306652.075778,0.48,146
1646314781.392268,0.42,156
1646323122.264419,1.08,142
1646351262.925418,1.04,148
1646354841.978753,0.98,151
1646360275.462563,0.79,136
1646361835.498464,0.47,167
1646371541.075805,0.46,144
1646381509.845185,1.07,163
1646384655.717662,0.51,154
1646385803.430649,0.48,168
1646391941.835147,0.47,148
1646397443.005619,1.11,152
1646406975.307451,0.47,144
1646436058.983717,0.49,147
1646441472.618279,0.5,141
1646444754.514351,1.12,146
1646449153.15843,0.5,190
1646458578.110176,0.46,152
1646580542.646549,0.51,158
1646608231.406628,0.71,160
1646609692.394157,0.72,162
1646611723.201117,1.03,150
1646621447.022638,0.44,188
1646631866.084804,0.71,150
1646641191.611338,0.76,154
1646648623.063078,0.49,166
1646649697.597543,0.45,170
1646651547.305037,1.06,164
1646657954.573683,0.47,150
1646690449.655904,0.88,156
1646696699.851265,1.15,146
1646698275.888406,0.46,163
1646705441.63746,0.87,193
1646714861.955453,0.45,152
1646726033.585865,1.03,150
1646732317.101769,0.99,148
1646735524.055779,1.02,152
1646738592.220022,0.43,201
1646749433.290213,1.14,152
1646781560.45372,1.08,152
1646785392.573704,0.97,180
1646790819.913498,0.5,188
1646801186.558979,0.44,139
1646810994.245957,0.46,152
1646815336.289712,1.1,147
1646821336.143574,0.97,180
1646829287.934572,1.03,148
1646838339.991585,0.46,152
1646867219.05458,0.51,143
1646871205.743906,0.48,136
1646875878.333543,0.49,148
1646884998.354676,0.49,189
1646887662.493506,0.5,140
1646900779.008279,0.74,147
1646904549.379685,1.09,170
1646906138.046954,0.91,146
1646909689.921567,0.46,152
1646917709.797212,0.47,150
1646948638.581713,1.09,155
1646957135.484648,0.48,150
1646965229.412858,1.16,152
1646967797.434796,1.14,185
1646973961.47844,0.44,144
1646985183.981362,0.53,149
1646990951.254616,1.07,172
1646994423.386202,1.11,160
1646998571.745295,0.48,166
1647011385.254546,1.07,148
1647039972.747924,1.03,164
1647045093.622752,1.13,154
1647049263.504797,0.44,150
1647051964.772363,0.76,158
1647069140.044038,1.0,160
1647073393.352445,0.86,138
1647080369.794978,0.76,142
1647085267.115575,0.46,146
1647094990.466788,1.07,142
1647126315.584594,0.48,142
1647131833.936621,0.9,170
1647136610.385204,0.5,184
1647137480.203739,0.45,213
1647139078.639756,0.73,177
1647153834.135677,1.02,148
1647163906.466061,1.04,148
1647169127.448967,0.98,144
1647171640.912519,1.0,142
1647177468.992567,0.47,146
1647209234.20816,1.06,161
1647217427.670264,0.5,150
1647223773.844306,0.46,185
1647228856.170934,1.3,189
1647235008.668711,1.04,144
1647248644.964534,0.7,146
1647250499.806982,0.47,158
1647254357.401845,0.65,144
1647263285.649238,0.99,146
1647295944.651519,0.85,158
1647300047.016306,1.1,148
1647306900.97804,1.06,170
1647308493.756977,0.92,152
1647316237.297195,0.47,140
1647322119.682362,1.09,153
1647326713.616491,0.5,146
1647332865.261222,1.13,144
1647339015.370419,0.66,139
1647345820.44854,0.41,133
1647355328.81824,1.0,148
1647386752.507368,0.48,138
1647391262.822855,0.99,146
1647398053.054745,1.14,183
1647399196.888921,1.02,183
1647403219.353375,0.56,142
1647409086.505649,0.89,154
1647419387.922364,0.99,142
1647423457.682203,1.08,170
1647427912.903353,0.51,154
1647434995.107829,1.07,146
1647436074.135967,1.14,169
1647447534.593489,0.47,138
1647475026.852841,0.66,146
1647481037.372488,0.5,195
1647481938.755129,0.47,195
1647486583.711804,1.06,140
1647501921.862034,0.48,146
1647510259.426253,0.47,148
1647515588.259718,0.48,140
1647524871.313017,0.5,150
1647560606.428886,1.12,158
1647568661.369654,0.58,140
1647581267.172566,1.12,195
1647588974.622033,0.73,154
1647594652.32516,0.46,162
1647595721.918902,0.77,172
1647599474.682371,0.42,144
1647609032.719788,0.99,156
1647613453.143645,1.0,144
1647646987.799736,0.49,142
1647649410.173446,0.69,146
1647653319.368834,0.78,143
1647664467.187624,1.01,156
1647665224.773392,1.03,183
1647681105.665521,0.49,171
1647683574.248971,0.46,178
1647687475.31691,0.51,150
1647693988.785629,0.48,144
1647695096.491456,1.07,164
1647697479.196606,1.0,150
1647734133.257551,0.5,140
1647742012.514949,0.88,201
1647743326.829732,0.77,144
1647747192.455853,0.89,164
1647792018.003228,0.94,148
1647819450.170337,0.45,174
1647825221.420571,0.94,142
1647838901.693034,0.48,144
1647851811.547343,0.49,142
1647862408.666685,0.88,173
1647870613.59507,1.02,141
1647902767.702225,1.02,161
1647908908.170069,1.03,144
1647916372.279049,1.05,164
1647917413.612852,0.49,142
1647921383.0587,1.08,147
1647935780.063975,1.1,144
1647939521.773809,0.63,166
1647940438.50777,1.04,176
1647948753.520986,0.98,150
1647964205.212574,1.01,173
1648011378.188114,1.03,140
1648023945.533834,0.48,142
1648028170.715376,0.47,164
1648035579.787186,1.13,145
1648047807.213156,1.05,150
1648072780.718459,1.13,142
1648079296.979551,1.05,145
1648084671.656013,0.45,166
1648086060.737883,0.46,181
1648087018.503771,0.44,173
1648102458.045868,0.44,145
1648106099.6311,0.98,162
1648111181.478266,1.03,152
1648114188.818442,0.79,172
1648115341.462905,1.13,167
1648122646.88576,1.11,155
1648124899.537598,1.12,166
1648138277.179857,0.51,157
1648167305.360083,1.11,144
1648176537.613642,0.45,148
1648189052.049968,0.62,152
1648196040.162197,0.48,152
1648199387.345362,0.93,188
1648201342.094341,0.45,166
1648202279.064463,0.85,145
1648211450.083754,1.06,147
1648219622.968947,0.45,146
1648248013.628107,0.97,144
1648253931.072518,0.96,148
1648260100.379883,0.88,146
1648261312.451428,1.09,154
1648267066.976928,0.47,156
1648276696.682704,0.96,160
1648286023.291854,1.06,151
1648293741.613951,0.47,146
1648298591.42656,0.56,152
1648299740.125427,0.8,162
1648304468.849465,1.0,149
1648309096.918744,0.47,144
1648314819.216437,1.14,146
1648321126.426438,0.49,143
1648339504.830913,1.07,140
1648341809.941086,0.39,169
1648349542.56678,0.47,160
1648361525.635851,0.49,144
1648366533.612534,1.16,142
1648377374.091689,0.8,146
1648383906.579172,1.03,142
1648392812.050696,0.71,144
1648420183.331858,0.49,142
1648427652.072004,0.42,142
1648435319.897692,1.09,158
1648437501.951076,1.12,144
1648449847.577153,1.01,144
1648457397.498089,0.47,166
1648458657.857814,1.07,168
1648464931.302399,0.48,158
1648470291.066626,0.85,164
1648483710.641006,0.57,148
1648510435.984034,1.06,150
1648516508.382169,0.85,182
1648517856.390858,1.0,162
1648526784.759875,0.5,175
1648530038.910475,1.0,148
1648537313.987487,0.75,148
1648542195.157432,0.51,169
1648547136.131298,0.98,165
1648553125.421522,0.43,146
1648560057.713557,0.71,146
1648588090.704195,0.48,142
1648595558.100318,1.02,148
1648605363.756365,1.06,138
1648611347.019999,1.15,152
1648613097.992051,1.06,197
1648627043.037957,0.55,168
1648629695.26838,0.46,164
1648631742.195799,1.02,150
1648636042.993242,0.46,162
1648642796.802324,0.46,148
1648648492.587176,0.56,144
1648679715.134276,0.47,151
1648685995.050634,0.44,150
1648697334.355132,0.45,142
1648701966.107289,0.48,187
1648704303.613306,0.44,169
1648708288.574288,1.17,177
1648712771.707362,1.09,150
1648721920.70328,0.46,144
1648729023.395821,1.15,157
1648740744.954417,0.64,161
1648749019.377749,0.48,142
1648759882.192763,0.91,142
1648767391.672251,1.17,142
1648772569.857343,0.58,140
1648776338.501478,0.44,156
1648791975.083479,0.76,142
1648798648.592512,1.13,142
1648803109.596452,1.12,150
1648805646.34051,1.11,160
1648808191.777403,0.42,146
1648812304.748583,1.1,151
1648814695.531914,0.52,154
1648854831.431005,0.48,140
1648861910.993672,0.5,193
1648863347.059608,0.44,177
1648865947.140158,0.37,163
1648868890.700929,1.01,191
1648873861.773185,1.06,143
1648895473.435035,0.7,148
1648901310.731635,0.46,161
1648906199.189045,1.1,174
1648908530.385247,0.61,169
1648944548.885621,0.44,146
1648948654.56007,0.45,187
1648950352.164778,0.45,142
1648955365.906074,0.83,142
1648965215.79955,1.14,148
1648974180.624843,0.48,157
1648985577.779467,1.04,154
1648989451.727352,1.03,148
1649001611.500158,1.04,142
1649016171.039809,0.46,151
1649034662.807861,0.9,156
1649048839.632415,0.66,140
1649053386.119202,0.71,161
1649054112.771863,0.61,195
1649061946.781847,0.61,167
1649063795.495666,0.48,154
1649067814.901817,0.49,156
1649080393.231324,1.03,148
1649112910.647502,0.49,159
1649117556.660763,1.04,144
1649121140.91803,1.06,159
1649122290.833362,1.03,161
1649128847.257667,1.08,142
1649138607.233215,0.98,176
1649141474.492781,1.11,152
1649148733.700563,1.14,144
1649156518.88028,0.48,142
1649172035.093921,0.46,146
1649201778.957571,0.98,165
1649205468.036186,0.88,164
1649207305.145099,1.12,142
1649212063.177356,1.12,146
1649222321.076719,1.19,168
1649226055.087978,1.14,153
1649235193.837347,0.99,146
1649247015.799467,0.67,146
1649267822.997005,1.05,144
1649295664.289745,0.86,150
1649305326.779828,1.03,148
1649313257.065381,0.61,144
1649319061.354936,1.02,191
1649326610.808687,0.48,169
1649328225.839008,1.03,166
1649335356.695249,0.9,148
1649373577.081208,1.0,152
1649378313.376959,0.48,140
1649391527.514017,0.94,146
1649402907.4731,0.51,136
1649407874.298511,1.08,158
1649412998.241318,0.49,142
1649418668.626053,0.91,166
1649421370.294927,0.56,148
1649430653.760023,0.41,148
1649463762.386842,0.5,132
1649469359.883013,0.98,146
1649469973.18361,0.46,146
1649474891.366043,1.09,150
1649481289.106936,0.57,172
1649488663.031159,1.02,156
1649497955.847894,1.09,142
1649502436.129394,1.01,150
1649513044.129107,0.45,152
1649548260.268336,1.18,156
1649552222.721924,0.79,150
1649557318.803972,0.45,138
1649560569.34713,1.14,150
1649567452.715419,1.09,136
1649572327.134429,1.11,176
1649577279.562009,1.05,175
1649588540.742748,0.61,146
1649600146.532733,1.11,144
1649629359.739729,0.48,155
1649634200.423737,0.92,140
1649639974.052088,0.85,148
1649644712.991879,1.11,175
1649652477.045704,0.42,157
1649753186.512664,0.63,142
1649759017.76191,0.99,145
1649763756.959027,1.0,173
1649765131.039523,0.91,184
1649773183.241054,1.07,146
1649801975.902454,0.49,145
1649808708.95094,0.48,136
1649812744.955256,0.94,146
1649814086.444372,0.43,163
1649815186.686207,0.49,172
1649822463.550464,1.18,142
1649834485.050878,1.14,149
1649841542.256917,0.48,151
1649842854.731779,1.04,163
1649843862.561771,0.48,166
1649844836.874909,0.51,159
1649845871.048135,0.97,166
1649850161.60351,0.63,164
1649887981.769881,0.73,138
1649894556.580107,0.49,151
1649905604.996724,0.86,156
1649906708.936972,1.19,158
1649907734.878725,0.82,158
1649912227.077854,1.18,146
1649923555.180358,1.13,151
1649928777.23172,0.77,143
1649934947.241145,0.71,160
1649935979.906614,0.42,203
1649948858.569972,0.9,138
1649979349.931434,0.93,144
1649984644.613139,0.4,183
1649988560.033959,1.04,181
1649989473.723618,1.0,185
1649995719.018566,0.79,159
1649998096.123753,0.48,152
1650012197.608052,1.03,140
1650019795.904041,1.12,152
1650026891.226565,0.59,168
1650030758.596857,1.1,146
1650066422.640751,0.77,146
1650075650.834721,1.1,139
1650081353.359276,1.03,164
1650096100.311284,1.13,142
1650105710.103847,0.75,144
1650108950.752765,0.5,160
1650121431.971207,0.48,150
1650148191.916432,0.99,173
1650162215.019548,0.47,172
1650166661.964806,0.98,138
1650176800.951956,0.8,153
1650184267.888703,0.91,146
1650190623.808837,0.46,154
1650192591.209468,1.02,156
1650193811.61161,1.03,161
1650199095.205591,0.72,160
1650202854.473876,0.69,142
1650232835.604661,0.99,149
1650239238.757765,1.16,161
1650248505.631165,0.47,161
1650257708.816063,1.0,138
1650273799.884492,0.46,146
1650275083.734497,0.6,173
1650276705.437794,0.96,142
1650281733.273173,0.62,142
1650322541.844595,1.13,144
1650330150.097633,1.14,183
1650334806.812956,0.51,165
1650336029.423416,0.77,183
1650343809.159159,0.41,140
1650358317.938882,0.47,138
1650365514.036486,0.47,144
1650366859.983814,0.47,180
1650375228.027625,0.48,166
1650384232.661353,0.64,153
1650408664.411972,1.06,182
1650413619.301481,1.09,168
1650421386.432791,1.14,154
1650433262.039563,0.46,142
1650441583.913055,0.48,140
1650444903.548789,1.16,150
1650453287.961195,0.49,156
1650455406.641623,0.48,178
1650462245.878992,0.43,144
1650487115.931223,0.65,142
1650496247.028543,0.49,167
1650501349.102494,0.46,144
1650509601.025819,1.09,142
1650515873.722355,0.43,144
1650531614.449071,0.44,165
1650533370.326447,0.44,146
1650540834.350717,1.05,172
1650542169.827176,0.47,176
1650549166.497417,1.04,142
1650584870.507316,0.47,155
1650589639.54989,0.9,144
1650598550.434152,0.49,142
1650613094.743077,1.08,146
1650622479.929688,0.85,144
1650626715.21991,0.46,144
1650628850.03228,0.47,148
1650632540.597053,0.76,152
1650640531.884301,0.5,165
1650671573.604533,0.47,138
1650680213.805175,0.44,122
1650688188.910559,1.13,142
1650698659.246109,0.49,140
1650703309.492269,0.51,142
1650715418.569854,0.49,168
1650718911.175544,0.48,150
1650752693.788832,0.48,181
1650756551.746675,1.03,144
1650761947.565749,0.48,140
1650764885.978573,1.12,138
1650768341.33645,1.01,168
1650771095.205859,1.02,144
1650776144.791294,0.67,158
1650785114.671707,0.49,142
1650795945.977289,1.12,163
1650800020.534928,0.97,158
1650802478.449064,0.46,157
1650807341.011905,0.99,167
1650841817.348078,1.06,149
1650848814.248748,0.47,146
1650850968.251266,0.62,174
1650856725.305627,0.5,144
1650865168.887286,0.97,147
1650870307.081837,0.77,152
1650876476.747135,0.5,166
1650878544.72844,1.05,154
1650887145.446421,0.45,155
1650888789.408653,0.46,158
1650895662.231011,0.52,146
1650974441.193347,0.99,176
1650976268.269548,0.63,158
1651011643.490765,0.49,167
1651018887.367808,0.9,140
1651027980.690773,0.49,159
1651044484.850787,0.49,142
1651055391.847787,0.58,156
1651058073.871427,0.46,183
1651060092.619603,1.1,166
1651099232.716543,1.01,142
1651103971.567338,0.48,148
1651106705.099877,1.13,158
1651113795.779076,1.13,144
1651131165.961809,1.07,152
1651139667.520001,1.02,148
1651144696.401448,1.1,142
1651147456.245238,1.02,148
1651148910.957185,0.91,166
1651185217.624493,0.8,186
1651189894.638273,1.14,156
1651195709.38964,0.48,150
1651201511.935188,1.13,150
1651220548.312804,1.12,154
1651222260.848543,0.65,160
1651225458.732063,0.47,161
1651229746.413559,1.07,185
1651231385.321856,1.13,160
1651237242.817191,0.95,158
1651240489.142964,1.0,152
1651273534.645072,0.45,145
1651281423.110549,0.58,152
1651282364.997108,0.47,160
1651284689.482952,0.48,150
1651291930.470933,1.11,146
1651292883.232668,0.58,171
1651301812.250839,0.47,142
1651308333.545539,0.97,144
1651314416.210247,0.71,164
1651320842.713955,0.48,144
1651324823.439058,1.12,151
1651328727.028671,0.85,142
1651333213.182522,0.65,152
1651338739.793504,0.48,146
1651345153.693858,0.92,148
1651351855.102433,0.48,147
1651358148.852598,1.07,144
1651364709.450098,0.48,146
1651412662.474574,0.86,148
1651445361.235815,0.47,138
1651456501.979171,0.47,146
1651462401.095303,0.79,140
1651470063.340825,0.75,140
1651482970.877662,0.44,144
1651484805.829286,0.47,140
1651492219.167066,0.49,140
1651504011.937691,1.04,146
1651533710.623303,1.03,154
1651570093.348647,0.5,138
1651575236.285907,0.95,137
1651587956.055486,0.49,162
1651617960.636413,0.51,147
1651629306.351469,1.1,148
1651647637.563972,1.07,150
1651653886.617445,1.14,166
1651663637.466841,0.45,186
1651664281.689427,1.03,144
1651669616.056161,1.05,148
1651680331.257312,0.5,140
1651705230.59004,0.91,144
1651710181.965113,0.86,140
1651729515.298506,1.05,140
1651733692.531089,0.48,183
1651740501.764114,0.45,173
1651746862.989169,0.43,154
1651754572.385227,0.48,154
1651790704.257587,0.46,146
1651794223.557121,1.16,140
1651810080.74944,1.16,144
1651819168.026104,0.49,167
1651821296.581878,0.7,150
1651824285.582915,0.55,168
1651829555.778634,0.69,142
1651846025.301315,0.83,198
1651850721.177437,0.49,157
1651879247.761086,1.06,147
1651885400.310529,0.47,140
1651894941.94088,0.65,144
1651903128.172467,0.65,144
1651913387.912198,0.56,152
1651914332.961126,0.97,153
1651915872.419982,1.04,154
1651927318.96724,0.46,162
1651930831.648748,0.42,141
1651966849.010878,0.47,143
1651973544.41602,0.96,157
1651977551.016225,0.97,152
1651987551.202207,1.06,163
1651997395.571034,0.48,148
1652009912.170279,0.95,160
1652013971.438877,0.48,144
1652019392.889328,0.9,147
1652023882.758847,0.97,162
1652054879.711236,0.47,162
1652060758.544743,1.02,142
1652080179.239603,0.48,146
1652086970.276953,0.5,189
1652089516.923989,0.93,150
1652096981.418782,0.93,182
1652110276.07724,1.03,146
1652139144.784769,0.94,138
1652147527.627764,0.47,142
1652168415.578441,0.66,154
1652180140.056425,0.97,144
1652185788.447952,0.57,144
1652223676.894413,1.1,147
1652230046.504735,0.47,140
1652242428.363151,0.95,149
1652258968.323951,1.1,151
1652261880.711915,0.99,179
1652270005.227874,0.62,143
1652274779.972558,0.66,140
1652286154.003605,0.76,148
1652316601.518268,0.43,158
1652329639.738749,0.89,148
1652350684.633349,1.06,191
1652354655.017099,0.99,150
1652361201.329914,0.88,162
1652367523.490182,0.92,148
1652402905.871877,1.03,142
1652405336.324206,0.43,155
1652416396.358731,1.08,142
1652427108.383976,0.99,152
1652441134.288582,1.02,146
1652446113.427169,0.49,201
1652447245.835172,0.46,203
1652452044.596258,0.49,177
1652479050.602559,0.82,159
1652485332.968501,0.93,150
1652492054.536516,0.98,144
1652498415.436606,0.49,179
1652500255.683636,0.73,154
1652601778.720075,1.1,146
1652611062.515946,0.6,148
1652616704.735917,1.47,147
1652625535.119978,1.03,156
1652629601.262673,0.99,153
1652656715.968507,0.98,146
1652659294.461802,1.04,169
1652661239.013697,0.47,179
1652662230.470793,0.97,167
1652668130.467643,1.53,154
1652675433.891741,0.58,164
1652684214.766085,0.44,151
1652692242.926796,0.74,161
1652702286.462346,0.95,150
1652710220.397938,0.5,144
1652715818.336174,1.04,154
1652751827.330768,0.45,152
1652761219.997949,0.49,183
1652763024.710486,0.48,181
1652771320.796603,0.51,158
1652772762.344753,0.47,190
1652779937.900106,1.04,148
1652789137.087786,0.77,164
1652791987.175084,1.01,150
1652828045.325134,0.47,146
1652830713.577033,0.48,152
1652841202.093093,0.46,148
1652857888.02207,1.01,146
1652867616.341665,1.05,145
1652874760.640834,0.66,142
1652880238.50288,1.06,142
1652915592.816895,0.5,148
1652924612.329614,1.02,170
1652926783.802496,0.88,168
1652927806.599175,0.46,178
1652946013.702113,1.1,154
1652952624.233075,1.02,175
1652954673.116917,0.92,165
1652958189.349491,1.02,142
1652963300.372186,1.1,154
1655647388.339087,0.49,144
