0.38
0.39
0.39
0.4
0.41
0.44
0.42
0.42
0.43
0.43
0.43
0.43
0.44
0.43
0.39
0.38
0.4
0.42
0.42
0.38
0.39
0.42
0.41
0.42
0.39
0.45
0.4
0.43
0.42
0.41
0.39
0.42
0.4
0.42
0.41
0.41
0.42
0.39
0.41
0.41
0.39
0.41
0.38
0.38
0.39
0.41
0.42
0.41
0.42
0.42
0.4
0.43
0.41
0.4
0.43
0.39
0.35
0.37
0.39
0.41
0.41
0.4
0.41
0.42
0.42
0.4
0.37
0.38
0.42
0.42
0.42
0.37
0.37
0.39
0.4
0.02
0.02
0.02
0.02
0.02
0.02
0.02
0.02
0.02
0.02
0.02
0.02
0.02
0.02
0.02
0.02
0.02
0.02
0.02
0.02
0.02
0.02
0.02
0.02
0.02
0.02
0.02
0.02
0.02
0.02
0.02
0.02
0.02
0.02
0.02
0.02
0.02
0.02
0.02
0.02
0.02
0.02
0.02
0.02
0.02
0.02
0.02
0.03
0.02
0.02
0.02
0.02
0.02
0.02
0.02
0.02
0.02
0.02
